40
-1 20 77 20 132 134 178 131 185 168 100 15 129 158 109 144 173 59 56 87 166 33 38 136 167 23 190 186 161 59 37 132 116 189 9 165 110 132 181 22
36 -1 68 123 76 95 176 106 94 122 13 139 69 174 142 59 66 182 140 52 108 144 192 170 126 130 168 99 139 149 144 33 40 77 33 51 98 109 162 40
190 117 -1 96 63 148 119 168 158 174 130 142 182 170 79 73 78 43 98 197 145 127 77 166 144 178 179 98 191 140 90 161 156 20 99 61 190 47 128 21
7 162 10 -1 125 9 7 161 63 161 4 155 7 199 112 16 113 113 151 151 85 169 20 176 17 83 168 185 162 70 17 82 30 115 76 190 182 117 151 156
137 16 115 137 -1 187 184 82 161 44 3 186 148 38 96 42 52 186 185 192 41 40 22 198 192 143 121 125 92 123 121 34 196 161 194 14 68 53 82 188
33 0 7 140 159 -1 84 69 43 134 72 24 4 196 124 110 116 115 18 123 194 65 58 190 38 122 168 190 187 44 82 173 199 103 196 158 41 33 81 38
108 73 78 191 19 98 -1 117 37 71 51 78 98 50 129 88 122 174 10 169 18 191 94 81 199 52 99 24 100 199 165 68 82 34 180 15 120 187 67 171
139 4 131 118 136 165 183 -1 123 69 15 74 183 31 64 63 47 14 191 78 139 120 74 17 37 106 182 195 64 70 114 167 135 107 38 29 13 59 175 145
33 68 175 155 84 125 181 37 -1 18 171 132 1 128 109 128 51 65 186 94 12 154 169 119 53 155 47 138 76 192 34 49 187 38 46 44 70 144 118 132
111 124 144 177 93 137 113 39 25 -1 179 187 164 26 165 163 191 64 149 122 0 37 187 105 45 184 121 144 162 82 64 57 107 146 54 182 87 9 192 25
115 41 8 112 97 5 70 22 22 75 -1 54 180 121 21 118 95 124 19 99 192 171 193 150 156 161 121 80 17 172 182 75 182 71 123 7 158 28 74 8
39 114 98 121 87 27 83 136 85 28 158 -1 58 68 110 199 53 122 90 52 151 175 125 52 50 39 199 72 109 197 14 159 66 50 11 59 78 73 71 63
128 77 185 194 189 13 124 7 72 71 70 85 -1 67 176 122 32 114 61 48 82 87 155 174 139 70 68 92 7 56 50 121 180 50 27 123 73 189 130 62
37 115 192 0 37 126 129 91 90 127 178 145 16 -1 25 189 175 173 103 46 124 121 121 116 150 21 150 89 34 40 53 48 43 184 198 11 166 95 154 136
12 141 176 1 79 78 104 104 155 61 51 149 170 143 -1 6 141 115 198 41 178 87 37 94 51 37 79 135 161 18 14 22 79 18 166 33 182 145 119 37
72 117 46 134 172 188 103 78 99 177 57 95 168 54 176 -1 49 174 46 125 164 0 142 143 86 141 38 171 130 3 109 23 196 195 161 168 61 41 103 122
62 133 0 36 183 160 118 54 25 42 117 58 136 19 155 36 -1 130 173 159 192 134 17 172 74 189 154 61 99 6 85 115 7 71 124 62 31 199 106 159
125 22 184 146 88 85 50 86 176 40 124 38 87 81 110 188 45 -1 160 125 46 28 99 19 47 140 127 110 187 12 156 123 36 23 14 34 169 149 70 84
189 138 67 84 58 82 46 27 125 160 136 17 70 73 60 130 25 3 -1 136 6 161 175 63 74 19 117 88 15 73 47 140 38 174 75 136 107 161 14 160
165 93 99 184 26 75 139 52 162 163 83 8 166 12 64 123 13 75 193 -1 65 141 193 31 154 78 19 97 43 195 137 152 169 10 42 171 112 61 190 37
198 80 64 125 51 189 38 174 25 109 152 123 31 167 149 18 171 61 144 105 -1 6 178 95 57 25 10 113 197 123 41 152 61 22 38 194 184 77 68 179
164 40 45 72 134 42 14 120 1 61 23 199 50 116 85 30 20 184 6 99 41 -1 75 40 50 184 157 90 100 193 173 164 141 102 81 180 65 160 106 161
14 11 89 111 136 99 41 101 145 137 7 173 0 70 168 138 88 199 195 87 176 152 -1 113 127 28 96 82 96 169 136 19 69 114 23 191 88 152 163 104
150 142 56 145 162 185 199 164 70 134 143 91 65 165 18 184 62 97 162 83 39 17 144 -1 132 8 117 138 59 176 79 80 186 124 95 44 144 120 6 150
141 29 132 11 162 25 45 154 103 96 39 128 190 190 80 64 132 198 123 136 45 47 139 188 -1 191 53 157 166 169 121 73 63 56 147 20 54 107 6 182
106 163 162 34 163 137 150 90 196 44 31 111 146 196 69 105 94 89 143 19 109 68 79 185 182 -1 22 175 72 43 169 26 156 126 15 17 173 82 12 176
50 41 162 160 121 138 9 126 66 186 41 126 164 163 186 72 37 84 177 52 140 161 77 47 26 17 -1 75 185 130 179 96 22 81 112 93 178 146 107 157
46 172 95 108 86 1 43 61 192 139 143 179 88 104 160 35 88 164 114 134 103 62 24 196 87 89 18 -1 45 52 70 8 125 130 127 130 79 45 53 190
46 183 156 82 45 187 0 7 118 120 76 4 13 32 173 53 183 148 99 21 197 182 197 9 122 131 17 48 -1 161 173 81 190 35 173 68 151 147 180 178
8 86 81 100 125 175 65 194 93 157 73 146 130 145 31 193 63 185 147 159 114 170 151 46 144 38 86 169 40 -1 163 22 105 3 169 91 135 115 81 72
34 56 136 124 91 87 26 151 44 4 179 4 165 0 20 64 38 135 35 156 86 88 96 154 129 135 168 143 160 54 -1 96 78 181 112 112 103 177 45 59
158 117 86 42 164 60 158 56 105 182 104 52 199 79 125 185 145 159 181 194 156 119 83 190 189 107 101 22 52 87 117 -1 86 192 75 77 38 0 46 132
94 171 78 63 161 56 2 96 199 56 127 167 143 196 51 102 38 34 96 52 56 159 135 3 17 65 18 60 123 2 87 185 -1 98 27 87 22 78 56 121
134 187 11 102 166 125 120 173 90 140 173 38 4 103 194 75 135 35 74 45 96 38 142 172 196 168 141 68 116 108 28 24 182 -1 112 162 64 45 56 168
78 97 91 127 119 150 163 83 82 104 152 152 187 4 10 25 96 45 38 105 197 184 51 56 182 111 148 56 91 141 129 29 78 66 -1 195 148 4 110 22
22 33 85 59 164 164 155 41 20 171 86 65 19 7 151 170 94 45 34 144 7 1 107 191 140 175 122 74 120 8 62 21 185 22 15 -1 71 112 125 87
92 26 69 128 84 5 75 109 22 127 95 101 102 169 166 14 20 126 94 118 188 41 81 121 11 108 65 80 196 191 79 58 168 157 142 118 -1 137 72 22
186 65 65 100 146 24 106 160 51 19 8 194 145 17 6 98 50 144 148 116 175 139 194 113 30 47 37 132 144 27 47 76 148 103 108 52 123 -1 141 134
96 105 148 13 61 188 196 133 41 161 59 91 173 189 156 46 46 70 151 69 99 187 173 15 24 171 131 46 42 109 154 175 109 9 52 11 27 126 -1 133
125 34 114 195 171 85 136 74 87 192 56 61 182 171 72 35 108 132 133 189 89 56 150 91 131 7 83 181 163 137 144 19 120 136 26 34 184 191 2 -1